3.570150897220719100e-01
8.418238417518568717e-01
1.032889718180769467e+00
-4.226918317658483887e-02
2.686263916166378718e-02
-1.178152528673136024e+00
-1.168295927715851668e-01
-7.619149500492379268e-01
8.778526906545515152e-01
4.772832658166781816e-01
1.087947261743767546e+00
3.198104209947762178e-02
-9.879330077104648833e-01
6.683248922626372490e-01
-1.616455888856036249e-01
6.416450006837668418e-01
-8.112083325407201118e-01
-8.774155310129332364e-01
-1.014187246863743841e+00
1.934020723177466872e+00
4.774817931802700088e-01
-4.971719921970870204e-01
1.043772476210738764e+00
2.834500826486532898e-01
-1.478792959688262493e-02
