9.032545860965307538e-02
7.598566605372644389e+00
3.800631568444728714e+00
-1.998764854100395505e+00
1.546918010481626471e+00
3.004468232284371876e+00
-1.500937083198121025e+00
-2.374671500089061693e-01
-1.139251435908951393e+00
-5.456460044741565873e+00
1.527837931837327246e-01
-3.346590985679209318e+00
-1.632397109539340363e+00
1.292705172387208223e-02
-4.848325772794370714e-02
-9.253920863011252385e-01
-1.719974058739876632e+00
2.707277104005990864e+00
-2.359857191700118317e+00
-4.954339221099478330e+00
-1.579646306388512000e+00
-3.524090963243550423e+00
-4.536663145075166881e+00
-1.165384923323666388e+00
-7.970017325886359361e-01
