-4.862157114332622321e+00
-8.169929000962271815e+00
1.166167609380213577e+00
2.528660737021334870e-01
1.849081021877825026e-01
3.584155648158348084e-01
-2.575701074795371248e+00
1.261839608385869171e+00
9.976934458814117335e-01
-4.560862559368109359e+00
1.484840215417281728e+00
1.260574973755156591e+00
5.215638151906185627e-01
-1.118455751486301247e-01
-6.000140821081179077e-01
-6.424295670624291965e+00
-7.605330283481047671e-01
2.188807931276075980e+00
-1.542992330833214748e-03
-4.933304675187230259e+00
-9.884849698797627537e-01
-1.040754421155887899e+00
7.407513539928621826e-01
2.277684749362550054e+00
1.191169932623346250e+00
