3.020840474008848808e+00
5.034166601787834594e+00
-1.230662526642233967e+00
4.211121271016478040e+00
3.822329843819074036e+00
-5.535834056662227276e+00
-3.108935376512141691e+00
-9.094488873505659488e-01
6.802254545682575149e+00
1.361929508280359247e-01
-4.257442555784600735e+00
5.567265274842766232e+00
6.152035870055562183e-01
-3.811103088037119946e-01
-4.484309737820661446e-01
-4.752122940708003895e+00
2.839855138103971610e-01
1.649700738889070539e-01
-5.732227663698606257e+00
-8.418158119860340571e-01
3.637919815237750321e+00
-3.031671956437782534e-01
-3.421483728795238904e-02
5.706508553717480225e+00
3.236068847303764096e-01
