4.085440000000000182e+00
7.085420000000000051e-01
1.689669999999999909e-06
1.568599999999999994e+00
8.349750000000000227e+00
6.372729999999999784e-01
1.280860000000000110e+00
4.730249999999999733e-01
-1.926519999999999899e-01
-5.786859999999999979e-07
-1.301299999999999933e-06
8.190699999999999648e-01
4.646859999999999880e-01
-7.404910000000000658e-02
5.363769999999999705e+00
3.236870000000000025e-01
1.522429999999999955e-07
-4.419679999999999609e+00
7.392469999999999875e-01
-5.354269999999999641e+00
2.070909999999999973e-01
-8.440400000000000347e+00
1.746020000000000072e-01
1.642510000000000061e-07
6.775930000000000009e-01
