3.985248804092407227e-01
1.802199184894561768e-01
4.868645370006561279e-01
3.764009475708007812e-01
5.775641202926635742e-01
4.515991080552339554e-03
7.427700757980346680e-01
-8.534577488899230957e-01
6.330791115760803223e-01
-2.117561548948287964e-01
-3.504093587398529053e-01
4.051079154014587402e-01
6.076090335845947266e-01
-5.071243643760681152e-01
1.839167922735214233e-01
5.701965093612670898e-01
-3.089953958988189697e-01
-5.832201242446899414e-01
-3.659105300903320312e-01
6.048887372016906738e-01
6.705468297004699707e-01
5.505840778350830078e-01
8.892332911491394043e-01
4.336527884006500244e-01
-9.407340288162231445e-01
