4.783076047897338867e-01
-1.158879518508911133e+00
-1.033575311303138733e-01
-1.719322241842746735e-02
-6.405835747718811035e-01
7.268239855766296387e-01
-1.254708170890808105e+00
6.503194570541381836e-01
6.001534461975097656e-01
6.665024906396865845e-02
-1.709121316671371460e-01
-3.610146045684814453e-01
-2.513388693332672119e-01
2.558222711086273193e-01
2.393150478601455688e-01
-1.160922646522521973e-01
-1.133083462715148926e+00
2.135880589485168457e-01
-7.851763963699340820e-01
-1.178087949752807617e+00
7.524631172418594360e-02
1.527690649032592773e+00
4.934119284152984619e-01
5.829314589500427246e-01
7.299955189228057861e-02
1.320491671562194824e+00
-5.349177122116088867e-01
-9.605365991592407227e-01
4.772588983178138733e-02
-4.515375792980194092e-01
-4.614381194114685059e-01
-1.307799220085144043e+00
-4.692893624305725098e-01
1.132274389266967773e+00
3.319308459758758545e-01
6.451994180679321289e-01
