6.507479391416067793e-01
5.375102640833714363e-01
-1.777158123834513326e+00
-7.261765700779951871e-01
-2.356965852640318937e-01
6.614984447929470601e-01
-2.935882571204345481e+00
9.847724931441623197e-02
9.020478823287998438e-01
7.224949760733859749e-01
-4.358956633992862595e-01
-1.781716449811093339e+00
1.089597995481615067e+00
-1.135292430600157276e+00
-2.101815374696639482e-01
1.034665458592884724e+00
4.567184247711718603e-01
-5.483923763478991686e-01
2.103527509565256359e+00
5.529795668968908728e-01
-1.590665713097008382e-01
-1.604234918527618570e+00
-2.027071216169856971e+00
1.247946640163299925e+00
-2.738060514045319027e-01
