-7.718096720282321410e-01
-3.064829072769171825e-01
5.334673175524593525e-01
-3.431303059108198883e-01
1.209040534635548447e-02
-1.628044810852036450e+00
-1.721608618750070929e-01
-2.443595271964255300e+00
-1.090435210213864359e+00
1.851572529287782709e+00
3.180389162035785144e+00
-2.278290012619749394e+00
-1.604928609627394864e-01
-1.135787174701217817e+00
-2.127693308329633659e+00
1.692209597110112818e-01
1.221918193300113531e+00
2.852837906321565864e+00
2.981656359308729076e+00
5.120819457491726512e-01
4.693278089990629010e-01
7.540904612205321378e-01
-1.067120602281873776e+00
-3.892743150090835491e-02
5.031974254596203178e-01
