1.950479258473359012e+00
-7.689420833553290979e-01
-1.638438624697040824e+00
-3.336631577583291985e+00
5.927480214003006953e-01
-1.792717993934793252e+00
1.423963586332471110e+00
3.000415007456971761e+00
9.577023899567388421e-01
-1.114851222257978725e+00
1.624998402191931035e+00
1.462877907695925517e+00
-7.442870243791993579e-01
-3.043238831304741154e+00
2.893826077359570870e-01
2.600928633906100185e+00
-2.803915665797863443e+00
2.837385910848628345e+00
2.633978403760479203e+00
-3.813195968520352030e-01
-2.265332178663679752e+00
-1.603807040335640255e-01
-6.551703453311097380e-01
1.652283966674284565e+00
3.156640246078246559e+00
