4.103019131846187828e-01
-3.201131961052571029e+00
1.942005246466711244e+00
6.532728839506323215e-01
1.482890508523898865e-01
-8.814767993860496142e-01
-6.031492271522349569e-01
2.851471162932908143e-01
1.610163604216688915e+00
-3.493937725839750819e-01
1.110330197380896999e+00
-1.763394657071919669e+00
-2.524268987441670831e+00
4.571765983893352758e-01
-3.438311487122042820e+00
7.763924565918067788e-01
2.559337215770118856e+00
9.182401662030388600e-02
-7.128362888304160538e-01
1.059249342872863542e+00
8.774581156690534067e-01
7.133336750996853715e-01
-1.099675345927096648e-01
5.606766988531568074e+00
-3.201580002165607119e+00
