6.684941438220541876e-01
1.138900227173279101e+00
9.070417618838986229e-01
9.685734562242064305e-01
-5.617753264040723504e-01
1.636375485484017567e+00
3.042971931576927691e-01
-6.655238985689831965e-01
-8.014796485853976638e-01
7.597565303446528473e-01
1.058013381437608175e-01
-1.862028819299281324e+00
5.662840162440477276e-02
1.253007708470432469e-01
1.128465570859326972e+00
2.033438979212477404e-01
3.488115040945301004e-01
-5.762359318442417111e-01
-1.225428100551708976e-01
1.250227011510607555e+00
-1.544888835957193063e+00
3.992606111329337626e-01
-1.494766215419583433e-01
-8.000872941493696322e-01
-2.240925548404560708e+00
