2.114747946869225625e+00
8.458541099473418368e-02
-7.140392152841535278e+00
-6.332102013300860976e-01
2.866759339443794019e+00
3.592624163827604633e+00
1.496217400793254382e-01
-6.773409799227991357e+00
5.431755647615015281e-01
2.299818998458488473e+00
3.038402638182653437e+00
-2.812571710859165020e+00
4.332330167866015991e+00
1.535698730916119414e+00
4.150308265220980175e+00
-1.207692415878103942e+00
-1.425677806020062555e+00
-5.748722748769653501e-01
5.817814661072728821e-01
9.314802892259705924e-01
2.481719643690140753e+00
1.284834033294280253e+00
-4.348625585108941038e+00
1.394278006054769647e-01
1.669130997243107872e+00
