1.694219463504144541e+00
5.172953562163555841e-01
3.513703757809952588e+00
-2.726928707219162362e+00
-1.347007944774810895e+00
-8.480926238476642620e-01
-2.892940817843085544e+00
8.948108774032384471e-02
-4.006922911605886872e-01
-1.172493712674086419e+00
-1.016446979781750748e-01
5.402796830070092371e-01
-2.783334326656506708e+00
-2.648881078219159080e-01
-4.052329330603088309e+00
-1.353270156931424273e+00
2.902136839993301631e+00
-3.771081705430493480e-01
3.854188058916035775e+00
3.454920946062842724e-01
7.577879115625059114e-01
-2.658591401929623732e+00
8.325825182985799877e-01
1.878409983678250628e+00
2.992294522811894675e-01
