-2.058061712176702862e+00
-1.527374151532021607e+00
6.206715088668379732e-01
-1.204853583858631172e+00
4.106445785598147324e+00
1.600511855218279100e+00
-1.232530147255182396e+00
3.112848618157249447e+00
3.279930243051095484e+00
-1.498622989858243160e-01
-1.698869495232353977e+00
-2.114599412600326467e+00
-7.388237325098730990e-01
-8.677271573471837529e-01
-1.717050417160263187e+00
3.993029957122820051e+00
2.249300009825355051e+00
-1.374558438272082572e+00
3.786661547236677805e+00
-4.182169663806574178e+00
2.571134482195204463e+00
-5.938322680835909084e-01
-1.048071988341531036e+00
-1.593287818745408257e+00
1.692008970685594249e-01
